1053060	1053053
1194055	2960755,2658923,1864732
1276027	1484378
1317328	2721525
1428640	1420231,2632164,731806,1642458
1431538	3032807,3050365
148424	2287159
1494458	1494479
1591207	2008932
1605616	2949958,2743860,2728903
1653091	2632240,2086229,3004791,1721897,2997517,3028468,3028495,3004597,2954747,2844910,2085952,2582101,3004621,1544948,2993137,2954374,3108807,2844924,2469075,2395509,1653063,838589,838586,3039359,3039352,2699573,2384306,2309596,1653703,3063612,3024012,2858482,2856221,2844915,2242471,1845303,1157781
1674403	1010613
1681117	2840899,2357547,1853141
1724937	3063375
1734620	1735142,1735192,1735114,2672615,1735102,1735122,1734991,1734698,2698764,2796831,2698814,2698748,2372100,1734968
1774888	2868966,2496421,2464752,2463175,2463106,2462893,1774924,1768944
1840235	2457081
1842882	2697603
1850982	1850989,1601524,254109,169808
1864680	2150630,87233,1776134,1864721,1910728,1864732,1464065
2055605	2832203,2510076
2096727	2365720
2141988	2141985
2147216	2646605,2828468,2463395
2157512	2741970,2374113,2151559
2171435	2654004,2171459,2171477,2171433
2171516	2171499
2201468	2568165,2201493,2568103,1882274,2951515,2568159,1835057
2207147	2306972,2269858
2212042	808689
2237207	3066637,3063755
2238963	2562411,2081196,2610568,2554692,2137626
2269257	2875520
2271641	2951847,291646
2271678	2576756,2576750
2277519	2277521,1086132,2034532,2034403
2282090	2770243,619855
2287239	2581357,3198299,2581347,3092901
2317730	2938667
2342796	2656669,2948039,2288717
2354423	192435,2179959,1551677
2357547	2840899,2438646,1681117,1623084
235904	292127,422497,292137,2816759,292131,240423,2857389,1872451,2873094,2065751,235900,2074563,2074526,2074441,2065731,2053598,1945140,1872408,1808516,1675751
2363171	2540008,1699006
2365809	2360944
2366989	2366761,815873,2367198,1738282
2369625	2369647,2369616
2370047	2370062
2403086	2403208
2409954	3011726,3044745,2628924
2421644	2335916,2421638,1817444,1649294
2432093	3038105
2446034	2298860,1864721
2456330	2456275,2883676,2456250,2456305
2467716	2467562
2468940	2976084
2485987	2721322,1901647
2487732	3084690
2505849	3041012
2508080	2508068
2521517	2526202
2532623	2920961
2534199	2158447
2546691	2561702
2570496	2988971,2938086
2575284	3061625,3068212,3061796,2952952,3061725,2962107,2952246,2404959,1974562,2971310,2952258,2805967,2622677,2296544
2585210	2915076
2586390	2586422
2591727	2295835,3005798
2598054	2480008,2480020,2949545,2480003,1178342,2480015,2958267,2479996
2598711	2956182
2602850	2954315,2869002,2464702
2617520	2617535,2617549,2617556
2620670	2620651,2160559,2620714,2621177,2617233
2623505	2880108,2626368
2627321	2634019
2654088	3041019,3040999,3040990,3044469,3041006,2653239
2680827	3078850,3050700,3050994,3050894,3050328,3046026,3043125
2685615	2324616,1791338
2694282	2710285,3057521,3011370,2683218,2683036,3068958,3011442,2683783,2683501,2683276
2695830	2225166,1875696
2699151	2993019,2937993,2978609
2707548	2707551
2714063	731741,2311294,2271761,1742319,986540,2371692
2719626	3086328
2722082	2606079,3104382,3104380,2722037,2137565
2724107	2723981
2734692	2512105,2974436
2752917	3048736
2763528	1255191
2786217	3031888,3119511,3074945,2946091
2786668	3025740
2787027	1828210,1828209,2606077,2971253,2964441,2791800,2971363,2971278,1314573,2963419,2963363,260791,2444788,2266243,157476
2805107	2805115
2819337	2829185
2820092	2515170
2829471	2829185
2833098	2035732,1821627,2669279
2833142	2802969,2802926
2844366	3052141,2081873
2845914	2969056
2846643	2272852
2851205	2851328,2851220,2851187,2851182,2851211,2851173,2851318,2851197,3013986,2851201
2852628	3076005
2857335	2857327
2862681	3004003
2863734	2866794,2863670
2871834	2963194
2874426	3209353
2877513	2877539,3001865,2877578,2924580,2877605
2878279	2878114,2878077,2878096,2878234,2877963,2878216,2877933,2878006,2877994,3082338,2878060,2878045,3082350,2686310,3082308,3081947,2686312,2686307,3081955,3062149,2896736,2885300,1792319,1792206
2884560	176644,2469871
2891850	2891843,2891833
2892246	3004370,2892274,2892262,3068777,3066323,2892284,2889210
2897034	2897023,2897031,2897032,2897028,2896715,2940891,2924806,2897035,2940981,2940914,2897015,197226
2900606	3089612,2900293
2901786	2976752,2976597,2976533,2976483,2976619,2976771,2976449
2901948	2272877
2907465	2907536
2909328	2909327,3069636,2909324
2909823	2948668,3041201,3041175,3075396,2739218
2910407	2978704,2978745
2911136	3041409,2911103
2914142	2845595,2845379
2918733	2918676,2918655,2916830,2918896,2916679,2918839,2916461,2918867,1174799
2918814	2918786,2917264,2918859,2896997
2919462	2915225
2919499	2919138,2875759
2920992	2571839
2924024	3039896
2924637	2897028,197225
2925780	2925778,2926142,2234852,2926140,2925781
2926301	2071567
2927067	2926995,2927036,2927167,2927138,2927049,2927971,2928015,2938046,2927992,2938013,2928027,2938036,2927400,2927222,2938706,2938061,2927401,2945055,2938701,2927984,2927408,2927395,2927193,2938698,2938176,2927608,2938288,2938112,2927726,2927520,2927437,2927429,2688934
2927481	2927421,2927408,2939666,2937991
2928534	2928620,2376324
2932656	2931731,2932340,2932328,2927393,2932695,2931687,2957447,2938705,2936271,2936229,2931772,3006896,2938453,2935414,2927404
2933880	2933892
2935211	2928472
2938416	2938382,2938358
2939226	2935757,2935393,2941579,2940381,2935856,2935663,2940671,2935689,2935116,2935799,2935268,2940327,2940305,2935241,2939157,2939140,2941708,2935961,2939200,2939176,2935922,2935715,2935350,2941599,2945101,2940578,2939095,2935996,2927937,2942082
2939839	2940305,2935350,2935116,2941599,2935393,2940327,2941579,2939176,2935241,2940381,2935663,2939095,2935188,2941708,2939200,2935377,2939157,2935799,2935757,2941801,2940671,2940601,2939140,2935224,2934182,2941890,2940404,2935922,2935856,2935689,2935268,2942082,2935715,2939248,2939111,2935749,2935327,2586942,2942036,2941007,2939859,2935645,2935364
2940305	2935116,2941599,2941579,2940327,2935757,2939157,2935393,2939839,2941708,2935663,2935241,2940381,2939095,2940671,2935689,2935799,2935268,2941801,2935377,2939226,2939200,2939176,2935224,2942082,2935856,2935350,2935961,2941890,2939859,2935715,2942036,2935188,2935922,2941773,2939140,2941871,2939248,2940404,2935364,2934182,2954267,2942224,2940601,2939111,2936036,2935749,2935645,2935327
2942989	2935386
2944239	3008095
2946967	3079850,3046013
2947083	2904411,2988136,3081766
2948668	2692212
2949108	1993118,2729767
2949603	2949879
2951330	3233264
2952258	2961702,2952246,2952952,2962177,2962173
2954292	2954862
2955840	2954289,2918434,2875777,2918596,2918964
2955877	2896927,3046040,2896980
2956074	2545107
2957460	3086346,2955111,2957447,2957304,2945579,2956742,2956555,3086294,2956957,2955613,2955070,2950803,2943589,2957033,2955456
2959936	2959935
2964093	3058535,3051973
2964174	3020644,3201548,2964201,2978544
2966037	2966011,2965978,2966020,3058606,2966106,2962819,3058625,2978185,2965953,2965067,2962842,2643729,2325122,2324998
2967379	2967406,2514574,2514415,2967393
2970573	3216604,2970598,2949545
2973246	2973296,2897457,2973448,2972245,2973022,2957977,2936292
2974056	2974014,2974100,2974072,2972624
2975280	2973570,2964539
2980536	2980511,3023832,2980444,2980424,2980362,2980345,2980477,2980378,3023819,3023825,3023600,3023608,3023364,3023304,3023318,3023212,3023197,3022340,3023611,3023257,3024039,3023850,3023755,3023334,3023616,3029421,3023224
2987601	3077909,2914391,3077890
2988448	2751264,1074138,2988682
2989177	3056481,3013814
2993794	1043089
2995206	2995194
2996881	3024278
2996999	2997053,2997040
2997691	2997681
2998744	2998732
2999022	2998958,2998734,2998934
3001829	3001865,3001867
3002477	3041028,3031282
3003287	2873639
3003863	3001822,3001872,3001861
3004060	3003856,3003838,3003873,2981595,3003854,2924626
3006004	3006060,2841240
3009461	3009332,3013986
3009542	3032450,3031274
3010045	2583279
3012197	2894196,3001653,1872669,3001649,3052195,3017936,3001596,2893804,2805607,2671169,3070915,3070570,3052236,3052073,2759153,2758298
3014104	3069672
3017561	815007,3070546,2556878
3021151	2774683
3021232	2944616,3021398,3021271
3024356	3024463,3024401,3024391,3055196,3025417,3060295,3060278,3025859,3029645,3029430,3024422,3060057,3029599,3000326,3060195,3055205,3041263,3041261,3030148,3024409,2956539
3026020	3026033,3026013,3000669,3000647,3046085,3026018
3032294	3032298,2891920,3084881
3034652	2897457,2897443,2897015,1132601,3197637,3106351,2897033,2868769,2868692
3034689	3034711
3036191	3036197,3036218
3037163	3006434,2658216
3037938	3033128,2986896,3036877,3035365,3005115
3038135	3038235,3038232
3039107	3095410
3040024	3204859,3024407
3040394	3040475,3038143,3040466,3023188,3033180,2989515
3040475	3040466,3040455,3016143,3040535,3040340,3003370,3018013,3015952,3004543
3040718	3040726,3040622,3040773,3040678,3040802
3041447	3041497,3200336
3045425	2582154
3045920	3016586,2979732,3045922,3045915
3048017	3052158
3050320	3083440
3050771	3050738,3050718
3051905	2851205
3052058	2679980
3052391	2968800
3053976	3053949,2651454
3055596	3048403
3055640	3055671,2945585,1365330,3053111,3001682,2920405,2085254,1414859
3057792	2626387
3061625	2575284,3061813,3061647,1974562
3061706	1806415
3064136	3064142,2302895,3058612,3058609
3066332	2943642
3071345	3071190,3198932,3198849
3072687	3072620,3072678,3072672,3062828,3072611,3026049,2862136
3073208	3073209,2610441,2160559,2664050,2964666
3074883	3089183,3089211
3075198	3075209,3075206,3067042,2712140,2710527
3075242	3075222,2846500,2254956
3075279	3075282
3079419	3079534,3101709
3083342	2444163,1426729,3089172,3083399,2639909,2398263,2307028
3089472	3089494,2986148,3089496,3060345,3052249
3092333	3090361,2696728,3216475,3016541,2939415
3097077	3097068
3098049	3098053,3097569,3096619
3103079	3103030
3105437	2954013,3105362,3105502,3105330,2953388
3106661	2030630
3120214	3020881,3050560,3029976,3058144,2984259
3197526	3197525,3197517,3197522,3197523
3205111	3205154
3217596	2931933
3233264	2494833
3244037	2470374
3249438	3249475
495159	495162,2675458,827692,2964441,2964418,3001132,2969118,2813921,2714820,1597619
686823	2840666,3030173,2443062,1974410,3055924,2877786,2583073,1974445,3030176
740381	1433001,1433000
760839	760787
847851	2649014,1867050,847874,847849
867534	2958297,867530,1945541,867529,1428654,2958267,867538
902462	1591307
927465	1266471
950874	950893,950887,950915,384593,2165990,2886006,750673,384606,1257817,1024197,966137,950882,596210,384596,2816385,2289495,2275672,2109460,1398687
978351	1103319
c1346950	2544379,2943250,2943140
c1441954	1742319,2727570,2198757,1642473,475460,2311294,1429028
c1866953	2869246,2875280,2869415,2931151,2874156,2914711,2913311,2869328
c1973954	3024178,3024153
